0.6188091
0.36136812
0.7557266
0.6923368
0.5626302
0.6276217
0.660016
0.5560873
0.4797537
0.67870384
0.51355463
0.671146
0.49867475
0.7089802
0.5843987
0.714623
0.7273342
0.77310336
0.6913322
0.5507694
0.55239135
0.59642136
0.51622593
0.7923889
0.58504385
0.6722518
0.7291989
0.45929882
0.5697627
0.6306427
0.67324835
0.72792953
0.53691345
0.6788951
0.5624255
0.7001828
0.5795883
0.6911658
0.6036012
0.56564444
0.6885396
0.74089265
0.71337354
0.4932136
0.6212504
0.5070986
0.59498435
0.68257004
0.6614073
0.6666237
0.65927726
0.6671726
0.64233637
0.7454357
0.64377517
0.72653836
0.80756974
0.57950974
0.54152036
0.6810305
0.49480295
0.7128791
0.60460746
0.79704005
0.6783049
0.6237971
0.65759593
0.6643823
0.73001724
0.37833792
0.60400677
0.6598023
0.81380844
0.7677665
0.5270527
0.6744699
0.5555158
0.77311337
0.6068633
0.6670368
0.5030198
0.631878
0.5842211
0.5758839
0.68311805
0.6842736
0.47275072
0.5534207
0.59845966
0.56385446
0.6234331
0.64180195
0.5727509
0.6996186
0.50939834
0.5454894
0.73984057
0.53157055
0.71478814
0.62992316
0.66104305
0.7434809
0.5704401
0.6526277
0.5871112
0.59871155
0.76337665
0.6439157
0.686321
0.7475002
0.44307032
0.7221513
0.61768645
0.66363335
0.6244559
0.65918964
0.69163346
0.61634225
0.6446938
0.7050394
0.58348864
0.5120783
0.7056579
0.6886415
0.590818
0.5387732
0.47029367
0.92268544
0.7905506
0.5909106
0.5040512
0.72777337
0.57151884
0.59707713
0.6093422
0.63173443
0.89828444
0.546246
0.6891044
0.508135
0.644703
0.67978114
0.44652972
0.8194906
0.5417266
0.5762311
0.63619703
0.65633905
0.5805604
0.6932748
0.58519715
0.52357554
0.59201884
0.72975105
0.5689473
0.76687014
0.6188172
0.72809786
0.77374107
0.7165449
0.58066756
0.4913646
0.62535405
0.6476768
0.73064667
0.66689724
0.68567884
0.65035075
0.6085901
0.63828886
0.72645503
0.7004791
0.6248103
0.6722819
0.6675481
0.7576377